date,mentions,followers,price,target,cum_mentions
2021-02-08,4.0,766389.0,,0,4.0
2021-02-09,4.0,443069.0,-0.16149998,0,8.0
2021-02-10,4.0,511113.0,0.017690301,0,12.0
2021-02-11,5.0,388768.0,-0.0019531846,0,17.0
2021-02-12,6.0,327978.0,0.025440335,0,23.0
2021-02-13,1.0,11419.0,0.0,0,24.0
2021-02-14,0.0,0.0,-0.055152714,0,24.0
2021-02-15,2.0,475100.0,0.0,0,26.0
2021-02-16,5.0,1402136.0,0.0,0,31.0
2021-02-17,15.0,3081225.0,-0.07210666,0,46.0
2021-02-18,53.0,15146762.0,-0.11427951,0,99.0
2021-02-19,14.0,2020953.0,-0.002457559,0,113.0
2021-02-20,1.0,20319.0,0.0,0,114.0
2021-02-21,3.0,758493.0,0.13328409,0,117.0
2021-02-22,3.0,123750.0,0.0,1,120.0
2021-02-23,9.0,1291254.0,-0.02239126,1,129.0
2021-02-24,76.0,9677573.0,1.0393596,1,205.0
2021-02-25,67.0,16690124.0,0.18558502,1,272.0
2021-02-26,20.0,4254577.0,-0.06428772,1,292.0
2021-02-27,2.0,233778.0,0.0,1,294.0
2021-02-28,2.0,656324.0,0.18340874,1,296.0
2021-03-01,7.0,5551792.0,0.0,1,303.0
2021-03-02,5.0,2163582.0,-0.018438578,1,308.0
2021-03-03,6.0,2427525.0,0.050770044,1,314.0
2021-03-04,7.0,2776937.0,0.06579161,1,321.0
2021-03-05,0.0,0.0,0.04072535,1,321.0
2021-03-06,0.0,0.0,0.0,1,321.0
2021-03-07,0.0,0.0,0.41208065,1,321.0
2021-03-08,2.0,510078.0,0.0,1,323.0
